Quantum Computing Hackathon Problem 2 Data
[1, 1, 1, 1, 1, 1, 1, 1, 1, 2, 2, 2, 2, 2, 2, 2, 2, 2, 3, 3, 3, 3, 3, 3, 3, 3, 3, 4, 4, 4, 4, 4, 4, 4, 4, 4, 5, 5, 5, 5, 5, 5, 5, 5, 5, 6, 6, 6, 6, 6, 6, 6, 6, 6, 7, 7, 7, 7, 7, 7, 7, 7, 7, 8, 8, 8, 8, 8, 8, 8, 8, 8]
[np.float64(0.6649308002509239), np.float64(0.5432469780233532), np.float64(0.5229216536128067), np.float64(0.4136303303908814), np.float64(0.34040073893108064), np.float64(0.3334674067942181), np.float64(0.29828272312517734), np.float64(0.2931613106035447), np.float64(0.2617195887754421)
np.float64(0.8765115115999842), np.float64(0.7086458511193956), np.float64(0.5563242705256354), np.float64(0.49427791173992724), np.float64(0.45726398349711467), np.float64(0.4093308963831607), np.float64(0.3572089521417598), np.float64(0.3432668824009466), np.float64(0.32126345114734706),
np.float64(0.8480458798910582), np.float64(0.7833770184407413), np.float64(0.6432648893956592), np.float64(0.6017693562148643), np.float64(0.5141647732688566), np.float64(0.45528344354373845), np.float64(0.3845994405395859), np.float64(0.36099737464955584), np.float64(0.34608964334748454), np.float64(0.8066102969092795), np.float64(0.7314759144099704), np.float64(0.5514357424698489), np.float64(0.5056248843003626), np.float64(0.4415147563014448), np.float64(0.3735222644711333), np.float64(0.33095173259666616), np.float64(0.31145847476944993), np.float64(0.28465586965051226),
np.float64(0.7291919955365915), np.float64(0.6152694737465726), np.float64(0.4988852631781797), np.float64(0.41935444799111155), np.float64(0.3622664134270944), np.float64(0.31847893811367356), np.float64(0.2798511935861135), np.float64(0.2588215306839434), np.float64(0.23489069953356467), np.float64(0.650672239418716), np.float64(0.5445354716901776), np.float64(0.42195440828435055), np.float64(0.35618573263365166), np.float64(0.3174190831422259), np.float64(0.27310150717016296), np.float64(0.2422928601376879), np.float64(0.22108413309342437), np.float64(0.20294336705124494),
np.float64(0.6375806961546531), np.float64(0.4804283191039677), np.float64(0.3811329777803839), np.float64(0.32299101003615277), np.float64(0.2787662894810898), np.float64(0.24040494169015028), np.float64(0.21381606994773963), np.float64(0.19255164387542706), np.float64(0.17734769491504598), np.float64(0.5724096493022294), np.float64(0.4352944394906318), np.float64(0.3374567239757281), np.float64(0.28929330608539483), np.float64(0.24517657969202308), np.float64(0.21427105203385083), np.float64(0.19047793302652744), np.float64(0.17273186566519827), np.float64(0.15778998761073856)]
[1, 2, 3, 4, 5, 6, 7, 8, 9, 1, 2, 3, 4, 5, 6, 7, 8, 9, 1, 2, 3, 4, 5, 6, 7, 8, 9, 1, 2, 3, 4, 5, 6, 7, 8, 9, 1, 2, 3, 4, 5, 6, 7, 8, 9, 1, 2, 3, 4, 5, 6, 7, 8, 9, 1, 2, 3, 4, 5, 6, 7, 8, 9, 1, 2, 3, 4, 5, 6, 7, 8, 9]

1
1.3298616005018478, 1.6297409340700597, 2.091686614451227, 2.0681516519544068, 2.042404433586484, 2.3342718475595268, 2.3862617850014187, 2.6384517954319024, 2.6171958877544212 

2
3.5060460463999368, 4.251875106716374, 4.450594164205083, 4.942779117399272, 5.487167801965376, 5.73063254936425, 5.715343234268157, 6.178803883217038, 6.425269022946941


3
5.091669485055084, 7.014507617460124, 7.779444393497222, 9.036831499296587, 9.249924062469507, 9.565904362080495, 9.233708107860728, 9.755454959495463, 10.401346481761044

4
6.452882375274236, 8.777710972919644, 8.822971879517583, 10.11249768600725, 10.596354151234676, 10.458623405191732, 10.590455443093317, 11.212505091700198, 11.386234786020491

5
7.291919955365915, 9.23384846064148, 9.977705263563594, 10.483861199777788, 10.867992402812833, 11.146762833978574, 11.19404774344454, 11.646968880777454, 11.744534976678233

6
7.731495875631793, 9.801638490423196, 10.126905798824414, 10.68557197900955, 11.427086993120131, 11.470263301146844, 11.630057286609018, 11.938543187044916, 12.176602023074697

7
8.926129746165143, 10.088994701183323, 10.67172337785075, 11.304685351265347, 11.708184158205771, 11.779842142817364, 11.97369991707342, 12.130753564151904, 12.414338644053219

8
9.15855438883567, 10.447066547775163,  10.7986151672233, 11.571732243415793,  11.768475825217108, 11.999178913895646, 12.190587713697756, 12.436694327894276, 12.623199008859086

9
9.62259388613046, 10.697511689413107, 10.95875160269966, 11.626908556238325, 12.001481133786651, 12.178866835269574, 12.384722904877584, 12.632081887250695
